[0, 144, 182, 155, 183, 163, 163, 166, 144, 0, 149, 127, 160, 152, 152, 170, 182, 149, 0, 149, 160, 150, 136, 164, 155, 127, 149, 0, 162, 150, 143, 168, 183, 160, 160, 162, 0, 175, 140, 180, 163, 152, 150, 150, 175, 0, 150, 160, 163, 152, 136, 143, 140, 150, 0, 177, 166, 170, 164, 168, 180, 160, 177, 0]
Mean levenshtein: 138.4375
Variance levenshtein: 2905.99609375